20180101
20180106
20180107
20180113
20180114
20180120
20180121
20180127
20180128
20180203
20180204
20180210
20180215
20180216
20180217
20180218
20180219
20180220
20180221
20180225
20180303
20180304
20180310
20180311
20180317
20180318
20180324
20180325
20180331
20180401
20180405
20180406
20180407
20180414
20180415
20180421
20180422
20180429
20180430
20180501
20180505
20180506
20180512
20180513
20180519
20180520
20180526
20180527
20180602
20180603
20180609
20180610
20180616
20180617
20180618
20180623
20180624
20180630
